    cubic_mse_test  cubic_mse_train  cubic_r2_test  cubic_r2_train       data  \
0     1.609698e+03     1.509888e+03          0.280           0.263     berlin   
1     1.719490e+03     1.642957e+03          0.231           0.198     berlin   
2     2.102707e+03     1.877084e+03          0.060           0.084     berlin   
3     1.510194e+03     1.396725e+03          0.325           0.318     berlin   
4     2.208443e+03     2.032539e+03          0.013           0.008     berlin   
5     2.235045e+03     2.047468e+03          0.001           0.001     berlin   
6     2.091493e+03     1.900925e+03          0.065           0.072     berlin   
7     2.227109e+03     2.040034e+03          0.004           0.004     berlin   
8     8.047125e+03     9.661068e+03          0.088           0.091  monachium   
9     7.959417e+03     9.475409e+03          0.098           0.109  monachium   
10    8.648659e+03     1.042127e+04          0.020           0.020  monachium   
11    7.457556e+03     8.688268e+03          0.155           0.183  monachium   
12    8.651100e+03     1.043820e+04          0.019           0.018  monachium   
13    8.798822e+03     1.063140e+04          0.003           0.000  monachium   
14    8.508041e+03     1.033303e+04          0.036           0.028  monachium   
15    8.690981e+03     1.047660e+04          0.015           0.015  monachium   
16    3.999328e+07     2.018981e+07          0.024           0.034      praga   
17    3.992630e+07     2.037540e+07          0.025           0.025      praga   
18    4.047997e+07     2.061526e+07          0.012           0.013      praga   
19    3.957278e+07     2.008534e+07          0.034           0.039      praga   
20    4.045373e+07     2.068822e+07          0.012           0.010      praga   
21    4.092539e+07     2.089527e+07          0.001           0.000      praga   
22    4.034384e+07     2.038522e+07          0.015           0.024      praga   
23    4.055720e+07     2.060989e+07          0.010           0.014      praga   

    linear_mse_test  linear_mse_train  linear_r2_test  linear_r2_train  \
0      1.750132e+03      1.599445e+03           0.218            0.219   
1      1.726215e+03      1.658210e+03           0.228            0.191   
2      2.146974e+03      1.902248e+03           0.040            0.071   
3      1.514939e+03      1.400398e+03           0.323            0.316   
4      2.221501e+03      2.039666e+03           0.007            0.004   
5      2.236001e+03      2.047645e+03           0.000            0.000   
6      2.213254e+03      2.034140e+03           0.010            0.007   
7      2.232174e+03      2.044915e+03           0.002            0.002   
8      8.367747e+03      9.913266e+03           0.052            0.068   
9      8.334558e+03      9.807506e+03           0.055            0.078   
10     8.679386e+03      1.050172e+04           0.016            0.012   
11     7.807884e+03      8.831120e+03           0.115            0.169   
12     8.726186e+03      1.051800e+04           0.011            0.011   
13     8.816509e+03      1.063167e+04           0.001            0.000   
14     8.580092e+03      1.035805e+04           0.027            0.026   
15     8.746849e+03      1.053178e+04           0.009            0.009   
16     4.006444e+07      2.034359e+07           0.022            0.026   
17     4.039043e+07      2.039035e+07           0.014            0.024   
18     4.076274e+07      2.076930e+07           0.005            0.006   
19     3.962498e+07      2.008641e+07           0.033            0.039   
20     4.065346e+07      2.075778e+07           0.007            0.007   
21     4.095394e+07      2.089651e+07           0.000            0.000   
22     4.048480e+07      2.045740e+07           0.012            0.021   
23     4.060416e+07      2.063945e+07           0.009            0.012   

    quadratic_mse_test  quadratic_mse_train  quadratic_r2_test  \
0         1.688132e+03         1.566366e+03              0.245   
1         1.722885e+03         1.643716e+03              0.230   
2         2.113810e+03         1.888763e+03              0.055   
3         1.510324e+03         1.399830e+03              0.325   
4         2.209631e+03         2.034048e+03              0.012   
5         2.235995e+03         2.047645e+03              0.000   
6         2.155428e+03         1.975799e+03              0.036   
7         2.232173e+03         2.044911e+03              0.002   
8         8.301564e+03         9.766240e+03              0.059   
9         7.978841e+03         9.510784e+03              0.096   
10        8.652964e+03         1.042128e+04              0.019   
11        7.548852e+03         8.777524e+03              0.144   
12        8.688870e+03         1.047502e+04              0.015   
13        8.799149e+03         1.063145e+04              0.003   
14        8.526100e+03         1.033402e+04              0.034   
15        8.693482e+03         1.047877e+04              0.015   
16        4.006443e+07         2.021299e+07              0.022   
17        3.993701e+07         2.037572e+07              0.025   
18        4.048225e+07         2.068685e+07              0.012   
19        3.960888e+07         2.008606e+07              0.033   
20        4.053364e+07         2.071511e+07              0.010   
21        4.095393e+07         2.089527e+07              0.000   
22        4.034831e+07         2.039119e+07              0.015   
23        4.058666e+07         2.062944e+07              0.009   

    quadratic_r2_train               zmienna  
0                0.235              bedrooms  
1                0.198                  beds  
2                0.078             bathrooms  
3                0.317          accommodates  
4                0.007     number_of_reviews  
5                0.000  review_scores_rating  
6                0.036         zipcode_price  
7                0.002         zipcode_count  
8                0.081              bedrooms  
9                0.105                  beds  
10               0.020             bathrooms  
11               0.174          accommodates  
12               0.015     number_of_reviews  
13               0.000  review_scores_rating  
14               0.028         zipcode_price  
15               0.014         zipcode_count  
16               0.033              bedrooms  
17               0.025                  beds  
18               0.010             bathrooms  
19               0.039          accommodates  
20               0.009     number_of_reviews  
21               0.000  review_scores_rating  
22               0.024         zipcode_price  
23               0.013         zipcode_count  

​

​